0300:0304,0342,0345,0336,0330,0332,0336,0350,0334,0336,0330,0342,0331,0334,0334,0330,0342,0331,0334,0334,0330,0342,0331,0334,0334,0330,0342,0331,0334,0304,0337,0337,0333,0330,0337
0303:0345,0336,0330,0332,0341,0334,0342,0303,0334,0342,0334,0342,0334,0304,0335,0333,0330,0337
0304:0345,0336,0330,0332,0341,0342,0334,0342,0334,0342,0334,0342,0334,0333,0330,0337
0305:0345,0336,0330,0332,0334,0305,0342,0334,0342,0334,0342,0334,0342,0334,0342,0334,0341,0304,0334,0334,0334,0333,0330,0337
0306:0345,0336,0330,0332,0341,0334,0306,0342,0334,0342,0334,0342,0334,0342,0334,0342,0334,0342,0334,0304,0331,0334,0334,0334,0330,0337
0310:0345,0336,0330,0350,0334,0310,0337,0345,0336,0335,0350,0335,0334,0334,0304,0330,0313,0337,0313
0311:0345,0364,0330,0334,0334,0334,0311,0336,0365,0337,0335,0335,0335,0304,0313
0312:0345,0360,0330,0306,0335,0335,0335,0335,0350,0334,0312,0337,0313,0336,0342,0337,0312,0336,0334,0334,0334,0334,0334,0334,0334,0304,0313
0313:0345,0315,0336,0345,0332,0345,0332,0345,0330,0345,0330,0345,0333,0345,0333,0331,0345,0330,0330,0337,0313
0315:0304,0345,0315,0336,0345,0330,0345,0330,0345,0330,0337,0313
0330:0345,0336,0336,0332,0330,0336,0330,0332,0337,0345,0332,0336,0336,0331,0331,0337,0337,0337,0363,0313,0336,0336,0330,0337,0333,0333,0336,0333,0330,0330,0330,0330,0330,0337,0337,0337
0331:0345,0336,0336,0332,0330,0336,0330,0332,0337,0345,0330,0334,0334,0336,0331,0337,0337,0363,0334,0334,0313,0336,0336,0336,0331,0331,0337,0333,0333,0333,0330,0330,0330,0337,0337,0337
0332:0345,0336,0336,0332,0330,0336,0330,0332,0337,0345,0334,0336,0331,0337,0337,0363,0313,0336,0336,0330,0335,0333,0333,0333,0330,0330,0330,0330,0330,0337,0337,0337
0333:0345,0336,0336,0332,0330,0336,0330,0332,0337,0345,0330,0335,0331,0336,0331,0337,0337,0363,0313,0336,0336,0330,0337,0330,0330,0336,0330,0334,0330,0330,0330,0337,0337,0337
0334:0345,0336,0332,0330,0313,0336,0336,0315,0337,0334,0343,0335,0350,0335,0343,0335,0335,0335,0336,0313,0337,0330,0363,0313,0331,0337,0331,0332,0334,0334,0337
0335:0345,0336,0330,0332,0336,0336,0315,0337,0334,0343,0334,0351,0350,0350,0334,0343,0334,0334,0334,0336,0313,0337,0337,0304,0330,0334,0334,0336,0363,0313,0335,0337,0331,0335,0337
0336:0345,0336,0330,0332,0336,0331,0342,0330,0342,0333,0333,0330,0330,0337,0337
0337:0345,0336,0330,0332,0336,0331,0342,0330,0342,0335,0342,0335,0335,0342,0331,0331,0335,0330,0330,0337,0337
0340:0345,0336,0330,0332,0340,0333,0330,0337
0341:0345,0336,0330,0332,0341,0340,0333,0330,0337
0342:0345,0336,0330,0332,0336,0331,0342,0340,0342,0330,0342,0330,0340,0333,0333,0330,0337,0337
0343:0345,0336,0330,0332,0334,0350,0343,0340,0334,0342,0335,0335,0342,0335,0304,0333,0330,0337
0344:0345,0344,0330
0345:0345,0336,0336,0330,0332,0337,0345,0336,0333,0330,0330,0330,0337,0337
0346:0345,0336,0336,0330,0332,0337,0346,0304,0336,0333,0330,0330,0330,0337,0337
0347:0345,0336,0336,0330,0337,0347,0304,0330,0336,0330,0337,0337
0350:0345,0336,0330,0332,0350,0334,0342,0335,0335,0342,0334,0336,0336,0342,0330,0330,0342,0330,0330,0304,0333,0333,0333,0333,0337,0337,0337
0351:0345,0336,0330,0332,0350,0342,0335,0342,0334,0334,0336,0336,0342,0330,0330,0342,0330,0330,0342,0331,0331,0331,0331,0335,0330,0330,0330,0330,0304,0337,0333,0333,0337,0337
0352:0345,0336,0330,0332,0350,0334,0304,0352,0342,0335,0336,0336,0342,0330,0330,0342,0330,0331,0331,0331,0335,0342,0330,0330,0342,0331,0331,0335,0337,0337,0342,0304,0350,0334,0330,0304,0333,0337
0353:0345,0336,0330,0332,0350,0334,0336,0336,0342,0330,0330,0342,0331,0331,0335,0335,0342,0330,0330,0342,0331,0331,0304,0352,0337,0337,0334,0342,0334,0342,0334,0304,0350,0335,0304,0333,0330,0337
0360:0345,0336,0336,0330,0332,0337,0360,0336,0331,0333,0337,0337,0330
0361:0345,0313,0336,0336,0330,0332,0337,0361,0313,0336,0333,0331,0337,0337,0330
0362:0345,0336,0336,0330,0332,0337,0362,0313,0336,0333,0330,0330,0330,0337,0337
0363:0345,0336,0336,0330,0332,0337,0363,0313,0336,0333,0331,0337,0337,0330
0364:0345,0336,0336,0330,0332,0337,0364,0313,0304,0336,0333,0330,0330,0330,0337,0337
0365:0345,0336,0336,0330,0332,0337,0365,0304,0313,0336,0331,0333,0337,0337,0330