0304,0340,0330
0304,0340,0331,0331,0342,0330,0342,0330,0342,0330,0342,0330,0331,0340,0332,0332
0340,0341,0330,0340,0331,0342,0330,0342,0331,0331,0342,0330,0332,0332
0340,0341,0342,0330,0303,0341,0340,0332,0332
0340,0341,0342,0330,0303,0341,0334,0340,0342,0330,0340,0341,0334,0342,0332,0332
0340,0341,0342,0330,0303,0341,0334,0340,0342,0330,0340,0341,0334,0342,0350,0350,0334,0336,0336,0342,0330,0330,0342,0330,0330,0342,0330,0330,0342,0330,0330,0342,0330,0330,0342,0331,0331,0331,0331,0331,0331,0331,0336,0336,0330,0342,0330,0342,0331,0331,0331,0331,0331,0331,0331,0331,0331,0331,0331,0331,0331,0331,0337,0337,0336,0336,0330,0331,0336,0337,0337,0337,0337,0337,0332,0334,0334,0334,0334,0334,0334,0334,0334,0336,0336,0336,0342,0342,0330,0330,0342,0330,0330,0342,0330,0330,0342,0330,0330,0342,0330,0330,0342,0330,0330,0342,0330,0330,0342,0330,0330,0331,0331,0331,0331,0331,0331,0331,0331,0331,0331,0331,0331,0331,0331,0331,0331,0337,0337,0337,0332,0335,0335,0335,0335,0336,0336,0336,0342,0330,0330,0342,0330,0330,0342,0330,0330,0342,0330,0330,0342,0330,0330,0342,0330,0330,0330,0342,0330,0330,0342,0330,0330,0342,0300
0340,0341,0342,0330,0303,0341,0334,0340,0342,0330,0340,0341,0334,0342,0336,0330,0340,0350,0350,0334,0334,0334,0334,0342,0335,0335,0342,0334,0334,0330,0335,0335,0335,0335,0342,0340,0337,0330,0336,0331,0340,0300,0336,0331,0331,0331,0331,0331
0344,0337,0336,0330,0344,0332,0331,0344,0333,0331,0336,0344,0336,0344,0336,0344,0336,0344,0300,0336,0336,0331,0331,0331,0331,0331,0331,0331
0331,0331,0340,0341,0330,0340,0341,0330,0340,0341,0330,0340,0341,0331,0331,0331,0331,0342,0330,0342,0330,0342,0330,0342,0330,0342,0330,0331,0331,0331,0331,0336,0330,0334,0337,0337,0342,0333,0336,0332,0337,0342,0336,0341,0332,0341,0330,0335,0342,0336,0330,0334,0337,0342,0331,0342,0331,0342,0331,0342,0330,0330,0330,0341,0336,0331,0332,0332,0335,0337,0337,0342,0300
0345,0336,0345,0330,0332,0345,0333
0345,0336,0345,0332,0330,0345,0333,0305,0350,0334,0334,0350,0350,0335,0311,0337,0337,0337,0313,0336,0342,0335,0335,0335,0335,0351,0351,0343,0335,0335,0350,0334,0334,0350,0334,0342,0337,0342
0331,0331,0342,0330,0342,0330,0342,0330,0342,0330,0331,0331,0331,0330,0336,0341,0330,0334,0350,0350,0334,0337,0343,0335,0304,0332,0350,0350,0335,0343,0334,0304,0336,0333,0342,0337,0337,0342,0340,0336,0350,0350,0350,0343,0335,0335,0335,0335,0335,0335,0335,0335,0343,0304,0332,0350,0350,0343,0330,0304,0333,0334,0350,0350,0343,0342,0330,0304,0334,0342,0340,0350,0350,0335,0335,0343,0335,0335,0304,0332,0350,0350,0335,0343,0335,0335,0335,0335,0335,0335,0343,0335,0304,0332,0350,0350,0334,0335,0335,0335,0334,0343,0334,0304,0334,0336,0331,0334,0337,0342,0331,0342,0350,0350,0335,0335,0343,0334,0334,0334,0334,0343,0335,0335,0330,0335,0335,0335,0335,0335,0343,0335,0335,0335,0335,0335,0335,0343,0334,0334,0334,0304,0336,0330,0334,0337,0342,0331,0342,0331,0331,0336,0330,0331,0332,0333
0306,0341,0332,0341,0333,0341,0332,0341,0331,0341,0331,0341,0332,0341,0330,0341,0334,0331,0337,0341,0336,0350,0335,0330,0341,0331,0334,0334,0330,0341,0331,0334,0334,0330,0341,0331,0334,0334,0330,0341,0331,0334,0334,0330,0341,0331,0334,0334,0330,0341,0331,0334,0304
0306,0344,0334,0344,0334,0344,0334,0344,0334,0344,0334,0344,0350,0334,0344,0334,0344,0334,0344,0334,0344,0334,0344,0334,0344,0330,0334,0334,0341,0330,0341,0332,0341,0334,0332,0341,0334,0341,0332,0341,0334,0332,0341,0331,0334,0350,0334,0330,0341,0306,0334,0334,0330,0341,0334,0330,0341,0334,0330,0342,0341,0334,0330,0341,0334,0330,0341,0334,0330,0341,0334,0330,0341,0335,0331,0331,0331,0331
0345
0345
0345
0345
0345
