0304,0340,0332,0340,0332,0333,0333,0333,0330,0330,0330,0330
0304,0340,0341,0330,0330,0330
0304,0340,0341,0330,0340,0341,0330,0330
0303,0340,0341,0330,0340,0341,0335,0330,0340,0330,0330
0303,0340,0341,0332,0340,0341,0335,0332,0335,0332,0340,0334,0334,0330,0330,0330
0304,0340,0330,0334,0332,0332,0332,0333,0333,0333,0333,0333,0330,0330,0335,0331,0310,0336,0343,0342,0330,0330,0334,0334,0330,0330,0337,0335,0335,0330,0330,0334,0334,0336,0342,0343,0350,0334,0330,0334,0334,0334,0334,0350,0342,0343,0330,0335,0335,0334,0334,0334,0334,0334,0334,0330,0334,0334,0334,0334,0334,0334,0334,0334,0342,0343,0330,0340,0335,0335,0334,0334,0334,0334,0330,0330
0304,0332,0334,0332,0334,0332,0334,0332,0334,0330,0330
0304,0305,0334,0332,0334,0332,0334,0332,0334,0332,0334,0332,0335,0332,0335,0332,0335,0332,0335,0332,0334,0332,0334,0332,0334,0332,0334,0332,0335,0335,0332,0335,0334,0334,0332,0334,0332,0334,0332,0335,0335,0332,0334,0332,0334,0332,0334,0332,0335,0335,0332,0334,0332,0334,0332,0334,0332,0331,0334,0334,0334,0332,0335,0334,0334,0334,0332,0334,0334,0350,0335,0311,0337,0332,0336,0330,0335,0335,0335,0335,0336,0332,0331,0334,0332,0331,0334,0334,0334,0334,0334,0334,0335,0335,0335,0334,0334,0334,0332,0335,0335,0335,0335,0335,0335,0332,0331,0334,0334,0335,0335,0335,0337,0332,0331,0334,0334,0334,0332,0335,0335,0332,0331,0334,0334,0334,0334,0330
0304,0306,0335,0332,0334,0334,0332,0334,0334,0332,0334,0332,0334,0332,0334,0334,0332,0334,0334,0332,0332,0334,0335,0335,0335,0332,0334,0335,0334,0335,0335,0335,0332,0332,0332,0332,0332,0332,0335,0335,0336,0336
0304,0332,0332,0335,0332,0332,0335,0332,0335,0332,0335,0332,0331,0334,0331,0332,0332,0335,0335,0330,0335,0332,0335,0332,0333,0333,0335,0335,0335,0334,0334,0332,0330,0330,0330,0305,0306,0332,0334,0332,0334,0332,0334,0332,0334,0332,0334,0332,0334,0334,0332,0332,0331,0334,0332,0331,0334,0332,0331,0334,0334,0331,0332,0332,0331,0334,0332,0331,0330,0330,0331,0331,0331,0331,0331,0331,0331,0331,0331,0331,0305,0332,0334,0332,0334,0332,0334,0332,0334,0332,0334,0352,0334,0334,0334,0335,0350,0334,0335,0334,0350,0335,0311
0305,0304,0332,0331,0335,0332,0331,0335,0332,0331,0335,0332,0331,0350,0335,0311,0337,0330,0337,0337,0341,0331,0331,0331,0330,0330,0330,0336,0336,0330,0331,0331,0334,0334,0330,0337,0337,0341,0336,0336,0331,0334,0334,0330,0337,0337,0341,0336,0336,0331,0334,0334,0330,0337,0337,0341,0336,0336,0331,0335,0310,0336,0336,0337,0330,0331,0331,0334,0334,0304,0330,0337,0337,0330,0336,0336,0336,0336
0304,0336,0332,0331,0335,0332,0331,0310,0337,0350,0350,0342,0343,0334,0334,0334,0334,0342,0343,0330,0334,0335,0335,0335,0335,0335,0342,0343,0304,0334,0331,0335,0330,0334,0350,0350,0342,0343,0351,0351,0335,0331,0350,0334,0336,0336,0332,0331,0334,0304,0337,0337,0330,0330
0304,0313,0332,0335,0336,0332,0335,0337,0332,0335,0336,0332,0337,0331,0335,0332,0350,0334,0310,0336,0332,0334,0334,0334,0337,0332,0304,0334,0334,0330,0330
0337,0304,0101,0102,0103,0104,0060,0061,0062,0063,0075,0077,0143,0332,0332,0332,0332,0303,0350,0350,0334,0334,0334,0334,0330,0330,0330,0330,0330,0334,0334,0330,0330,0330,0330,0330,0330,0330,0330,0330,0334,0334,0334,0334,0334,0336,0336,0336,0332,0334,0334,0334,0334,0337,0332,0334,0334,0334,0312,0336,0332,0304,0334,0330,0330,0331,0334,0337,0313,0331,0331,0331,0331,0337,0337,0136,0137,0140,0141,0142,0143,0144,0145,0146,0147,0150,0151,0152,0153,0154,0155,0330,0330,0334,0334,0334,0334,0350,0334,0304,0330,0330,0330,0330,0330,0156,0157,0160,0161,0162,0305,0334,0334,0350,0334,0334,0334,0304,0330,0330,0330,0330,0330,0330,0163,0164,0165,0166,0167,0170,0171,0172
