0337,0337,0330,0336,0337,0305,0335,0336,0336,0332,0334,0334,0332,0337,0331,0335,0337,0333,0330,0335,0334,0334,0336,0330,0335,0337,0337,0330,0336,0304,0336,0336
0337,0337,0330,0330,0335,0330,0341,0335,0330,0334,0332,0332,0332,0331,0331,0331,0333,0335,0337,0331,0332,0332,0331,0334,0334,0331,0331,0336,0336,0336,0330,0337,0337,0337,0331,0336,0336,0336,0337,0331,0337,0330,0337,0331,0335,0330,0330,0336,0330,0330,0341,0331,0331,0331,0334,0330,0337,0330,0336,0336,0336
0337,0337,0330,0330,0335,0330,0330,0330,0342,0343,0331,0331,0334,0334,0343,0342,0334,0330,0334,0332,0332,0331,0331,0331,0334,0330,0330,0330,0337,0331,0336,0336,0336
0337,0337,0337,0330,0336,0336,0336,0335,0332,0337,0337,0331,0331,0336,0342,0334,0342,0334,0330,0334,0334,0334,0330,0337,0337,0330,0336,0336,0336
0337,0337,0337,0330,0335,0336,0336,0336,0332,0334,0337,0337,0332,0332,0334,0330,0330,0334,0330,0332,0335,0330,0330,0335,0332,0332,0330,0337,0331,0336,0336,0336
0337,0337,0337,0330,0335,0336,0336,0336,0332,0334,0337,0337,0332,0332,0334,0330,0330,0334,0330,0332,0335,0330,0330,0335,0330,0330,0330,0336,0336
0337,0337,0330,0330,0335,0330,0330,0330,0342,0343,0331,0331,0334,0334,0343,0342,0334,0330,0334,0332,0332,0331,0331,0331,0334,0330,0330,0330,0337,0331,0336,0336,0336,0337,0337,0331,0335,0330,0334,0332,0334,0332,0335,0337,0330,0336,0336,0336
0337,0337,0330,0337,0331,0335,0336,0336,0332,0332,0331,0334,0337,0337,0332,0332,0332,0335,0336,0336,0332,0331,0333,0334,0337,0337,0330,0336,0336,0336
0337,0337,0330,0332,0332,0331,0335,0332,0332,0332,0332,0334,0332,0331,0333,0330,0334,0330,0330,0330,0330,0335,0330,0330,0336,0336
0337,0337,0330,0330,0335,0330,0332,0332,0332,0334,0332,0331,0333,0330,0334,0330,0330,0330,0334,0330,0335,0343,0342,0330,0335,0330,0330,0336,0336
0337,0337,0330,0335,0336,0336,0332,0337,0331,0352,0334,0332,0331,0334,0334,0334,0334,0332,0337,0337,0332,0331,0336,0336,0331,0335,0335,0335,0335,0335,0304,0331,0334,0330,0337,0331,0337,0330,0330,0336,0336,0336
0337,0337,0330,0332,0332,0332,0331,0331,0331,0335,0336,0336,0332,0331,0334,0330
0337,0337,0330,0335,0336,0336,0332,0334,0352,0352,0334,0334,0334,0334,0334,0334,0334,0337,0332,0335,0335,0335,0335,0335,0335,0335,0335,0335,0335,0335,0335,0335,0335,0332,0334,0334,0334,0334,0334,0334,0334,0334,0334,0334,0334,0334,0334,0334,0334,0334,0336,0332,0335,0334,0304,0335,0337,0337,0337,0330,0336,0336,0336
0337,0337,0330,0335,0336,0336,0332,0334,0334,0350,0350,0335,0332,0337,0337,0337,0337,0332,0335,0335,0335,0335,0335,0335,0335,0304,0336,0336,0336,0336,0332,0331,0334,0337,0337,0337,0337,0330,0330,0336,0336,0336,0336
0337,0337,0330,0330,0335,0330,0334,0334,0343,0342,0334,0334,0330,0330,0342,0343,0335,0330,0335,0332,0332,0335,0330,0330,0335,0335,0334,0332,0332,0331,0331,0331,0334,0330,0337,0331,0336,0336,0336
0337,0337,0330,0330,0335,0330,0330,0330,0341,0334,0331,0335,0332,0333,0333,0333,0333,0334,0330,0330,0337,0337,0330,0336,0336,0336,0336
0337,0337,0330,0330,0335,0330,0334,0334,0343,0342,0334,0334,0330,0330,0342,0343,0335,0330,0335,0332,0332,0335,0330,0330,0335,0335,0334,0332,0332,0331,0331,0331,0334,0330,0337,0331,0336,0336,0336,0337,0337,0331,0337,0330,0350,0335,0335,0335,0332,0332,0331,0331,0334,0334,0334,0304,0330,0336,0336,0336
0337,0337,0330,0330,0335,0330,0330,0330,0341,0334,0331,0335,0332,0333,0333,0333,0333,0334,0330,0330,0337,0337,0330,0336,0336,0336,0336,0335,0350,0335,0337,0337,0332,0332,0332,0331,0331,0331,0334,0334,0334,0304,0330,0337,0331,0336,0336,0336
0337,0337,0330,0330,0335,0330,0335,0335,0350,0342,0343,0335,0335,0342,0343,0335,0343,0335,0330,0330,0343,0343,0342,0334,0343,0342,0335,0335,0345,0344,0344,0344,0344,0304,0330,0330,0330,0334,0334,0334,0330,0330,0337,0331,0336,0336,0336
0337,0330,0335,0332,0332,0335,0337,0337,0332,0332,0332,0331,0331,0331,0333,0333,0333,0331,0331,0331,0330,0330,0330,0330,0330,0330,0330,0331,0335,0330,0330,0330,0330,0330,0330,0330,0330,0335,0330,0330,0330,0330,0330,0336,0336,0336
0337,0337,0330,0330,0335,0330,0334,0334,0342,0343,0334,0330,0334,0332,0332,0332,0333,0333,0334,0330,0330,0335,0332,0332,0333,0333,0333,0331,0334,0337,0330,0336,0336,0336
0337,0337,0330,0330,0335,0352,0335,0350,0334,0332,0332,0332,0332,0331,0331,0331,0331,0334,0334,0332,0332,0332,0332,0331,0331,0331,0331,0334,0334,0334,0334,0334,0304,0330,0330,0337,0331,0336,0336,0336
0354,0350,0337,0337,0330,0335,0335,0335,0335,0335,0335,0335,0335,0335,0335,0335,0332,0332,0332,0332,0331,0331,0331,0331,0334,0334,0332,0332,0334,0334,0334,0334,0334,0334,0334,0334,0334,0334,0334,0334,0334,0334,0334,0334,0334,0334,0332,0332,0334,0334,0334,0335,0335,0335,0335,0335,0335,0335,0335,0335,0335,0335,0335,0335,0335,0335,0335,0335,0335,0335,0335,0335,0332,0332,0332,0332,0331,0331,0331,0331,0334,0334,0334,0334,0334,0334,0334,0334,0334,0304,0330,0336,0336
0335,0352,0334,0332,0337,0331,0334,0334,0334,0334,0332,0331,0333,0330,0330,0334,0336,0336,0337,0337,0334,0335,0335,0335,0335,0304,0337,0337,0330,0336,0336,0336
0337,0337,0330,0330,0335,0332,0332,0350,0335,0332,0332,0331,0331,0334,0334,0332,0332,0331,0331,0334,0304,0334,0330,0330,0335,0330,0330,0336,0336
0337,0337,0330,0332,0332,0331,0331,0352,0335,0335,0332,0332,0332,0332,0335,0335,0335,0335,0332,0332,0334,0334,0334,0334,0334,0334,0330,0330,0335,0335,0335,0335,0335,0335,0335,0335,0330,0330,0330,0330,0334,0335,0335,0335,0335,0335,0304,0330,0330,0337,0330,0336,0336,0336
null
null
0330
null
null
null
null
null
null
null
null
null
null
null
null
null
null
null
null
null
null
null
null
null
null
null
null
null
null
null
null
null
null
null
null
null
null
null
