0304,0312,0337,0330,0335,0330,0340,0350,0335,0337,0337,0330,0332,0331,0331,0335,0335,0330,0332,0331,0331,0335,0335,0330,0332,0331,0331,0335,0335,0330,0332,0331,0331,0335,0304,0336,0336,0331,0334,0331,0336,0330,0335,0332,0335,0332,0335,0332,0335,0332
0304,0350,0335,0310,0336,0332,0335,0337,0331,0336,0335,0332,0334,0337,0331,0334,0334,0330,0304,0335,0332,0335,0332,0335,0332,0335,0332
0304,0313,0337,0330,0335,0332,0332,0331,0334,0337,0330,0337,0341,0331,0331,0331,0331,0341,0335,0336,0331,0331,0334,0331,0336,0336,0330,0335,0332,0335,0332,0335,0332,0335,0332
0313,0304,0337,0330,0335,0330,0303,0350,0332,0331,0335,0337,0337,0330,0330,0341,0331,0331,0335,0336,0336,0332,0331,0335,0337,0337,0330,0330,0341,0331,0331,0335,0336,0336,0332,0331,0335,0337,0337,0330,0330,0341,0331,0331,0335,0336,0336,0304,0331,0334,0331,0336,0330,0335,0332,0335,0332,0335,0332,0335,0332
0313,0304,0337,0330,0335,0332,0332,0331,0335,0332,0331,0331,0332,0350,0334,0337,0337,0330,0330,0341,0331,0331,0334,0334,0330,0330,0341,0331,0331,0334,0334,0330,0330,0341,0331,0331,0334,0334,0330,0330,0341,0331,0331,0334,0334,0334,0336,0336,0331,0304,0334,0331,0336,0330,0335,0332,0335,0332,0335,0332,0335,0332
0304,0313,0337,0330,0335,0330,0305,0332,0331,0335,0332,0331,0335,0332,0331,0335,0332,0331,0335,0332,0331,0335,0337,0337,0350,0335,0351,0330,0330,0341,0331,0331,0335,0330,0330,0341,0331,0331,0335,0330,0330,0341,0331,0331,0335,0330,0330,0341,0331,0331,0335,0330,0330,0341,0331,0331,0350,0335,0304,0336,0336,0331,0334,0331,0336,0330,0335,0332,0335,0332,0335,0332,0335,0332
0304,0313,0337,0330,0335,0330,0306,0332,0331,0335,0332,0331,0335,0332,0331,0335,0332,0331,0335,0332,0331,0335,0332,0331,0335,0337,0337,0350,0335,0351,0330,0330,0341,0331,0331,0335,0330,0330,0341,0331,0331,0335,0330,0330,0341,0331,0331,0335,0330,0330,0341,0331,0331,0335,0330,0330,0341,0331,0331,0335,0330,0330,0341,0331,0331,0350,0335,0304,0336,0336,0331,0334,0331,0336,0330,0335,0332,0335,0332,0335,0332,0335,0332
0313,0304,0337,0330,0335,0337,0330,0334,0345,0345,0330,0334,0332,0332,0334,0330,0344,0344,0331,0334,0333,0333,0330,0335,0332,0332,0331,0334,0336,0331,0334,0331,0336,0330,0335,0332,0335,0332,0335,0332,0335,0332
0304,0313,0337,0337,0337,0335,0306,0350,0350,0335,0332,0331,0334,0334,0336,0336,0336,0312,0337,0311,0336,0332,0306,0334,0350,0350,0334,0332,0331,0335,0306,0335,0331,0350,0350,0335,0304,0334,0313,0312,0336,0311,0337,0313,0304,0313,0337,0337,0330,0335,0330,0337,0330,0335,0345,0345,0345,0330,0330,0334,0345,0334,0333,0330,0332,0331,0335,0331,0334,0336,0331,0336,0336,0330,0335,0332,0335,0332,0335,0332,0335,0332
0313,0304,0337,0330,0335,0330,0337,0335,0344,0344,0337,0330,0344,0344,0330,0336,0336,0334,0333,0334,0331,0336,0330,0335,0332,0335,0332,0335,0332,0335,0332
0304,0313,0337,0337,0337,0335,0306,0350,0350,0335,0332,0331,0334,0334,0336,0336,0336,0312,0337,0311,0336,0332,0306,0334,0350,0350,0334,0332,0331,0335,0306,0335,0331,0350,0350,0335,0304,0334,0313,0312,0336,0311,0337,0313,0313,0304,0337,0330,0337,0335,0330,0345,0345,0345,0334,0330,0330,0335,0345,0345,0345,0330,0330,0330,0335,0336,0331,0336,0330,0335,0332,0335,0332,0335,0332,0335,0332
0304,0313,0337,0330,0335,0330,0337,0330,0335,0345,0345,0345,0330,0330,0334,0345,0334,0333,0330,0332,0331,0335,0331,0334,0336,0331,0336,0330,0335,0332,0335,0332,0335,0332,0335,0332
0313,0304,0337,0330,0335,0330,0337,0334,0344,0344,0344,0350,0344,0335,0304,0332,0331,0331,0332,0335,0336,0331,0334,0331,0336,0330,0335,0332,0335,0332,0335,0332,0335,0332
0313,0304,0337,0330,0337,0335,0330,0345,0345,0345,0334,0330,0330,0335,0345,0345,0345,0330,0330,0330,0335,0336,0331,0336,0330,0335,0332,0335,0332,0335,0332,0335,0332
0304,0313,0337,0337,0330,0335,0330,0330,0310,0336,0350,0335,0345,0345,0330,0330,0334,0334,0345,0345,0335,0337,0304,0313,0330,0330,0332,0332,0334,0330,0330,0334,0332,0332,0332,0331,0331,0331,0334,0331,0336,0336,0330,0335,0332,0335,0332,0335,0332,0335,0332
0313,0304,0337,0330,0337,0335,0330,0335,0350,0335,0344,0344,0344,0344,0344,0344,0330,0334,0311,0336,0332,0334,0334,0332,0331,0335,0335,0331,0337,0335,0331,0334,0331,0304,0334,0331,0331,0336,0336,0336,0330,0335,0332,0335,0332,0335,0332,0335,0332
0304,0313,0337,0337,0337,0330,0335,0330,0334,0336,0315,0336,0332,0331,0337,0313,0337,0331,0334,0330,0335,0336,0336,0336,0330,0335,0332,0335,0332,0335,0332,0335,0332
0304,0317,0335,0337,0330,0334,0336,0332,0335,0337,0330,0335,0336,0332,0337,0334,0330,0334,0336,0332,0337,0335,0330,0335,0336,0332,0334,0337,0330,0336,0331,0334,0330,0335,0332,0335,0332,0335,0332,0335,0332
0322,0304,0317,0335,0337,0330,0334,0336,0332,0335,0337,0330,0335,0336,0332,0337,0334,0330,0334,0336,0332,0337,0335,0330,0335,0336,0332,0334,0337,0330,0336,0331,0334,0330,0335,0332,0335,0332,0335,0332,0335,0332,0321
0323,0304,0317,0335,0337,0330,0334,0336,0332,0335,0337,0330,0335,0336,0332,0337,0334,0330,0334,0336,0332,0337,0335,0330,0335,0336,0332,0334,0337,0330,0336,0331,0334,0330,0335,0332,0335,0332,0335,0332,0335,0332,0321
0324,0304,0317,0335,0337,0330,0334,0336,0332,0335,0337,0330,0335,0336,0332,0337,0334,0330,0334,0336,0332,0337,0335,0330,0335,0336,0332,0334,0337,0330,0336,0331,0334,0330,0335,0332,0335,0332,0335,0332,0335,0332,0321
0325,0304,0317,0335,0337,0330,0334,0336,0332,0335,0337,0330,0335,0336,0332,0337,0334,0330,0334,0336,0332,0337,0335,0330,0335,0336,0332,0334,0337,0330,0336,0331,0334,0330,0335,0332,0335,0332,0335,0332,0335,0332,0321
0326,0304,0317,0335,0337,0330,0334,0336,0332,0335,0337,0330,0335,0336,0332,0337,0334,0330,0334,0336,0332,0337,0335,0330,0335,0336,0332,0334,0337,0330,0336,0331,0334,0330,0335,0332,0335,0332,0335,0332,0335,0332,0321
0327,0304,0317,0335,0337,0330,0334,0336,0332,0335,0337,0330,0335,0336,0332,0337,0334,0330,0334,0336,0332,0337,0335,0330,0335,0336,0332,0334,0337,0330,0336,0331,0334,0330,0335,0332,0335,0332,0335,0332,0335,0332,0321
0313,0304,0337,0330,0337,0337,0335,0330,0350,0334,0310,0336,0315,0336,0332,0335,0335,0332,0337,0310,0337,0313,0335,0304,0335,0332,0332,0334,0332,0332,0332,0335,0332,0332,0335,0332,0332,0332,0334,0332,0332,0330,0335,0336,0336,0331,0336,0330,0335,0332,0335,0332,0335,0332,0335,0332,0321
0313,0304,0330,0335,0330,0335,0337,0330,0337,0337,0335,0330,0350,0334,0310,0336,0315,0336,0332,0335,0335,0332,0337,0310,0337,0313,0335,0304,0335,0332,0332,0334,0332,0332,0332,0335,0332,0332,0335,0332,0332,0332,0334,0332,0332,0330,0335,0336,0336,0331,0336,0330,0335,0332,0335,0332,0335,0332,0335,0332,0321,0335,0330,0335,0330
null
null
null
null
null
null