0313,0304,0337,0330,0335,0330,0350,0334,0332,0331,0334,0334,0332,0331,0335,0337,0337,0337,0332,0330,0332,0330,0332,0330,0333,0330,0336,0336,0336,0331,0337,0337,0337,0330,0330,0336,0336,0336,0335,0335,0304,0331,0334,0331,0336,0332,0335,0332,0335,0332,0335,0332,0335,0330
0313,0304,0337,0330,0335,0330,0350,0334,0332,0331,0334,0332,0331,0334,0337,0337,0337,0332,0330,0332,0330,0332,0330,0332,0331,0331,0331,0331,0331,0331,0331,0331,0330,0335,0336,0336,0304,0335,0336,0331,0334,0331,0336,0330,0335,0332,0335,0332,0335,0332,0335,0332
0304,0313,0337,0330,0335,0330,0334,0350,0335,0304,0352,0332,0331,0334,0334,0334,0332,0331,0335,0337,0337,0337,0332,0330,0332,0330,0332,0330,0332,0330,0331,0331,0331,0331,0331,0331,0331,0331,0335,0332,0330,0332,0330,0332,0330,0332,0330,0331,0331,0331,0331,0331,0331,0331,0331,0335,0336,0336,0336,0353,0350,0334,0304,0335,0331,0334,0331,0336,0332,0335,0332,0335,0332,0335,0332,0335,0330
0304,0313,0337,0330,0335,0330,0334,0350,0335,0304,0352,0334,0332,0331,0334,0332,0331,0334,0337,0337,0337,0332,0330,0332,0330,0332,0330,0332,0330,0331,0331,0331,0331,0331,0331,0331,0331,0336,0336,0336,0335,0335,0335,0337,0337,0337,0332,0330,0332,0330,0332,0330,0332,0330,0331,0331,0331,0331,0331,0331,0331,0331,0336,0336,0336,0304,0350,0335,0304,0331,0334,0331,0336,0332,0335,0332,0335,0332,0335,0332,0335,0330
0304,0313,0337,0330,0335,0330,0334,0305,0335,0332,0331,0334,0334,0332,0331,0354,0351,0335,0337,0337,0337,0332,0330,0332,0330,0332,0330,0332,0330,0331,0331,0331,0331,0331,0331,0331,0331,0335,0332,0330,0332,0330,0332,0330,0332,0330,0331,0331,0331,0331,0331,0331,0331,0331,0335,0332,0330,0332,0330,0332,0330,0332,0330,0331,0331,0331,0331,0331,0331,0331,0331,0335,0332,0330,0332,0330,0332,0330,0332,0330,0331,0331,0331,0331,0331,0331,0331,0331,0335,0336,0336,0336,0350,0334,0334,0334,0334,0334,0304,0335,0331,0334,0331,0336,0332,0335,0332,0335,0332,0335,0332,0335,0330
0304,0313,0337,0330,0335,0330,0334,0305,0335,0354,0351,0334,0334,0332,0331,0334,0332,0331,0334,0334,0337,0337,0337,0332,0330,0332,0330,0332,0330,0332,0330,0331,0331,0331,0331,0331,0331,0331,0331,0335,0335,0335,0335,0335,0332,0330,0332,0330,0332,0330,0332,0330,0331,0331,0331,0331,0331,0331,0331,0331,0336,0336,0336,0350,0355,0334,0304,0335,0331,0334,0331,0336,0332,0335,0332,0335,0332,0335,0332,0335,0330
0304,0313,0337,0330,0335,0330,0341,0332,0331,0350,0334,0337,0332,0331,0336,0335,0304,0331,0334,0331,0336,0332,0335,0332,0335,0332,0335,0332,0335,0330
0304,0313,0337,0330,0335,0330,0341,0337,0332,0331,0336,0350,0334,0332,0331,0335,0304,0331,0334,0331,0336,0332,0335,0332,0335,0332,0335,0332,0335,0330
null
null
null
null
null
null
null
null
0304,0337,0330,0335,0330,0340,0331,0334,0331,0336,0332,0335,0332,0335,0332,0335,0332,0335,0330
0304,0337,0330,0335,0330,0341,0331,0334,0331,0336,0332,0335,0332,0335,0332,0335,0332,0335,0330
0304,0337,0330,0335,0330,0334,0337,0342,0332,0331,0336,0335,0331,0334,0331,0336,0332,0335,0332,0335,0332,0335,0332,0335,0330
0304,0337,0330,0335,0330,0337,0334,0343,0332,0331,0335,0336,0331,0334,0331,0336,0332,0335,0332,0335,0332,0335,0332,0335,0330
0304,0337,0330,0335,0330,0334,0337,0342,0332,0331,0335,0333,0330,0336,0331,0334,0331,0336,0332,0335,0332,0335,0332,0335,0332,0335,0330
0304,0337,0330,0335,0330,0337,0334,0343,0332,0331,0335,0332,0331,0336,0331,0334,0331,0336,0332,0335,0332,0335,0332,0335,0332,0335,0330
0304,0335,0330,0334,0337,0337,0337,0330,0334,0330,0335,0336,0336,0346,0337,0337,0331,0334,0331,0335,0336,0336,0336,0335,0331,0334,0332,0335,0332,0335,0332,0335,0332,0335,0330
0304,0335,0330,0334,0337,0337,0337,0330,0334,0330,0335,0336,0336,0347,0337,0337,0331,0334,0331,0335,0336,0336,0336,0335,0331,0334,0332,0335,0332,0335,0332,0335,0332,0335,0330
null
null
null
null
null
null
null
null
null
null
null
null
null
null
null
null
null
null
null
null
null
null
null
null
null
null
null
null
null
null
null
null
null
null
null
null
null
null
null
null
