0304,0312,0337,0330,0335,0330,0340,0350,0335,0337,0337,0330,0332,0331,0331,0335,0335,0330,0332,0331,0331,0335,0335,0330,0332,0331,0331,0335,0335,0330,0332,0331,0331,0335,0304,0336,0336,0331,0334,0331,0336,0330,0335,0332,0335,0332,0335,0332,0335,0332
0304,0350,0335,0310,0336,0332,0335,0337,0331,0336,0335,0332,0334,0337,0331,0334,0334,0330,0304,0335,0332,0335,0332,0335,0332,0335,0332
0304,0313,0337,0330,0335,0332,0332,0331,0334,0337,0330,0337,0341,0331,0331,0331,0331,0341,0335,0336,0331,0331,0334,0331,0336,0336,0330,0335,0332,0335,0332,0335,0332,0335,0332
0313,0304,0337,0330,0335,0330,0303,0350,0332,0331,0335,0337,0337,0330,0330,0341,0331,0331,0335,0336,0336,0332,0331,0335,0337,0337,0330,0330,0341,0331,0331,0335,0336,0336,0332,0331,0335,0337,0337,0330,0330,0341,0331,0331,0335,0336,0336,0304,0331,0334,0331,0336,0330,0335,0332,0335,0332,0335,0332,0335,0332
0313,0304,0337,0330,0335,0332,0332,0331,0335,0332,0331,0331,0332,0350,0334,0337,0337,0330,0330,0341,0331,0331,0334,0334,0330,0330,0341,0331,0331,0334,0334,0330,0330,0341,0331,0331,0334,0334,0330,0330,0341,0331,0331,0334,0334,0334,0336,0336,0331,0304,0334,0331,0336,0330,0335,0332,0335,0332,0335,0332,0335,0332
null
null
null
null
null
null
null
null
null
null
null
null
null
null
null
null
null
null
null
null
null
null
null
null
null
null
null
