0040: :0330:END0040
0041:!:0337,0337,0330,0335,0330,0337,0331,0337,0341,0330,0330,0330,0350,0350,0336,0336,0336,0336,0350,0337,0335,0332,0331,0334,0334,0332,0331,0335,0330,0334,0334,0334,0334,0334,0334,0334,0334,0334,0334,0337,0337,0337,0332,0331,0335,0335,0335,0335,0335,0335,0335,0335,0335,0335,0335,0335,0335,0335,0335,0335,0335,0335,0335,0335,0332,0331,0336,0336,0335,0335,0335,0335,0335,0335,0330,0330,0330,0330,0337,0331,0334,0335,0304,0334,0334,0334,0335,0337,0330,0334,0330,0330,0330,0330,0330,0336,0336,0336,0336:END0041
0042:":0337,0337,0330,0335,0330,0330,0330,0334,0350,0335,0332,0330,0331,0331,0331,0330,0334,0330,0335,0332,0330,0331,0331,0335,0304,0331,0331,0331,0334,0330,0336,0336:END0042
0043:#:0315,0337,0330,0335,0332,0332,0332,0331,0334,0332,0332,0331,0331,0333,0330,0330,0335,0332,0333,0333,0333,0331,0330,0330,0335,0333,0332,0332,0332,0331,0331,0331,0334,0331,0334,0336,0313:END0043
0044:$:0337,0337,0330,0330,0335,0330,0335,0335,0342,0343,0334,0334,0334,0343,0335,0330,0330,0343,0342,0335,0343,0334,0335,0337,0330,0334,0336,0332,0333,0333,0333,0333,0333,0334,0330,0335,0332,0332,0332,0332,0332,0331,0331,0331,0331,0334,0330,0336,0336:END0044
0045:%:0350,0335,0332,0331,0337,0330,0335,0335,0330,0337,0331,0341,0331,0331,0341,0334,0304,0331,0334,0330,0334,0334,0334,0337,0331,0330,0330,0337,0331,0334,0336,0336,0336,0336:END0045
0046:&:0350,0350,0335,0335,0335,0332,0337,0337,0331,0337,0330,0344,0344,0344,0344,0344,0344,0344,0344,0330,0330,0330,0330,0336,0344,0344,0344,0344,0344,0344,0344,0344,0337,0331,0344,0345,0345,0345,0345,0345,0345,0330,0330,0330,0335,0335,0335,0334,0335,0330,0334,0304,0336,0336,0336:END0046
0047:':0337,0337,0330,0335,0330,0330,0330,0332,0331,0331,0331,0331,0335,0335,0335,0330,0336,0336:END0047
0050:(:0337,0337,0330,0330,0335,0330,0330,0334,0330,0330,0334,0334,0336,0336,0350,0350,0342,0343,0350,0344,0344,0344,0345,0345,0345,0345,0345,0345,0334,0334,0334,0334,0334,0336,0337,0337,0335,0335,0334,0334,0304,0334,0331,0334,0330,0335,0336:END0050
0051:):0337,0335,0330,0334,0331,0336,0350,0350,0350,0345,0345,0345,0344,0344,0344,0344,0344,0344,0334,0334,0334,0304,0330,0337,0331,0335,0331,0334,0330,0337,0330,0336,0336:END0051
0052:*:0337,0337,0330,0330,0335,0330,0330,0306,0332,0331,0335,0332,0331,0333,0330,0334,0334,0333,0332,0332,0331,0334,0334,0333,0332,0332,0331,0331,0330,0304,0330,0330,0334,0334,0334,0330,0337,0330,0336,0336,0336:END0052
0053:+:0337,0337,0330,0335,0330,0332,0332,0331,0334,0332,0333,0333,0330,0335,0331,0331,0334,0330,0330,0337,0331,0336,0336,0336:END0053
0054:,:0337,0337,0330,0350,0335,0335,0335,0335,0335,0332,0331,0334,0334,0334,0334,0334,0330,0304,0336,0336:END0054
0055:-:0337,0335,0330,0334,0337,0330,0332,0332,0334,0330,0330,0335,0330,0336,0336:END0055
0056:.:0337,0337,0337,0330,0337,0341,0330,0330,0330,0336,0336,0336,0336,0337,0337,0337,0337,0331,0331,0331,0337,0341,0330,0330,0330,0330,0330,0330,0330,0330,0331,0331,0336,0336,0336,0336,0336:END0056
0057:/:0335,0350,0350,0334,0332,0331,0334,0334,0334,0304,0330,0337,0337,0331,0331,0336,0336:END0057
0060:0:0337,0337,0330,0330,0335,0330,0330,0330,0342,0343,0334,0330,0334,0332,0332,0335,0335,0335,0330,0334,0334,0334,0342,0342,0343,0334,0330,0334,0332,0332,0334,0330,0330,0350,0334,0334,0350,0334,0334,0332,0332,0332,0331,0331,0331,0333,0331,0330,0330,0335,0335,0304,0330,0330,0330,0335,0330,0336,0336:END0060
0061:1:0337,0337,0337,0330,0332,0332,0331,0335,0336,0336,0336,0332,0335,0350,0335,0337,0337,0337,0332,0331,0335,0304,0336,0336,0336,0330,0335,0337,0337,0330,0336,0336:END0061
0062:2:0337,0337,0330,0330,0335,0330,0330,0330,0342,0343,0334,0350,0344,0345,0345,0330,0334,0334,0332,0332,0334,0334,0334,0335,0335,0335,0337,0332,0334,0334,0334,0334,0334,0334,0335,0332,0332,0332,0332,0334,0334,0304,0330,0335,0330,0336,0336,0336:END0062
0063:3:0337,0337,0330,0330,0335,0330,0330,0330,0343,0342,0350,0344,0345,0345,0345,0345,0345,0330,0330,0343,0342,0344,0344,0344,0344,0304,0331,0334,0330,0337,0330,0336,0336,0336:END0063
0064:4:0337,0330,0335,0332,0332,0335,0350,0335,0350,0335,0332,0334,0334,0335,0335,0335,0335,0335,0335,0335,0337,0332,0335,0335,0335,0335,0335,0334,0304,0331,0331,0334,0330,0336,0336:END0064
0065:5:0337,0337,0330,0330,0335,0330,0345,0345,0345,0334,0330,0330,0330,0334,0332,0333,0333,0335,0333,0333,0334,0332,0335,0331,0331,0334,0330,0337,0330,0336,0336,0336:END0065
0066:6:0337,0337,0330,0330,0335,0330,0341,0335,0350,0334,0350,0335,0330,0334,0334,0334,0334,0332,0332,0332,0334,0332,0331,0335,0335,0334,0334,0335,0331,0331,0331,0331,0330,0334,0334,0334,0334,0330,0335,0335,0335,0335,0335,0304,0331,0334,0330,0330,0337,0331,0336,0336,0336:END0066
0067:7:0337,0337,0337,0330,0350,0335,0350,0335,0332,0332,0332,0332,0332,0332,0332,0332,0332,0335,0335,0335,0335,0335,0332,0332,0332,0332,0334,0334,0334,0334,0333,0334,0334,0334,0334,0334,0334,0334,0334,0330,0330,0330,0330,0330,0330,0330,0334,0334,0334,0334,0304,0335,0335,0330,0330,0330,0330,0330,0337,0337,0336,0336,0336,0336,0336,0337,0337,0337,0337,0337,0334,0330,0335,0336,0336,0336,0336,0336:END0067
0070:8:0337,0337,0330,0330,0335,0330,0341,0330,0330,0341,0331,0331,0331,0334,0330,0337,0330,0336,0336,0336:END0070
0071:9:0337,0337,0330,0330,0335,0330,0330,0330,0341,0331,0331,0350,0334,0350,0335,0332,0333,0333,0333,0330,0334,0334,0334,0330,0330,0304,0336,0336:END0071
0072:::0337,0337,0330,0335,0330,0337,0337,0341,0330,0330,0330,0330,0330,0330,0341,0331,0331,0331,0331,0331,0331,0331,0331,0331,0331,0334,0330,0330,0330,0336,0336,0336,0336:END0072
0073:;:0337,0337,0330,0335,0330,0330,0337,0341,0331,0331,0335,0337,0333,0331,0330,0330,0333,0332,0332,0331,0331,0334,0334,0334,0332,0332,0332,0335,0335,0350,0350,0335,0335,0332,0332,0334,0334,0332,0332,0331,0331,0331,0331,0331,0334,0334,0334,0334,0330,0335,0330,0334,0336,0336,0336,0304,0336:END0073
0074:<:0337,0337,0330,0335,0330,0330,0350,0334,0332,0332,0331,0331,0334,0334,0332,0332,0331,0331,0334,0330,0330,0334,0334,0334,0334,0334,0334,0304,0330,0330,0336,0336:END0074
0075:=:0337,0337,0330,0335,0330,0334,0332,0332,0334,0331,0334,0332,0332,0334,0331,0331,0334,0330,0330,0330,0336,0336:END0075
0076:>:0337,0337,0330,0335,0330,0334,0350,0335,0332,0333,0333,0330,0330,0335,0335,0332,0332,0331,0331,0334,0331,0331,0335,0335,0334,0334,0335,0331,0330,0330,0330,0330,0334,0304,0331,0331,0334,0330,0330,0330,0336,0336,0337,0337,0337,0337,0337,0337,0335,0330,0334,0336,0336,0336,0336,0336,0336:END0076
0077:?:0337,0337,0330,0330,0335,0330,0337,0331,0337,0341,0336,0330,0330,0332,0330,0330,0343,0342,0334,0343,0342,0334,0330,0330,0332,0333,0333,0330,0330,0330,0330,0330,0335,0330,0330,0330,0336,0336,0336:END0077
0100:@:0337,0337,0330,0330,0335,0330,0330,0341,0336,0343,0342,0350,0345,0344,0344,0344,0344,0334,0334,0334,0334,0334,0345,0345,0337,0330,0332,0334,0334,0334,0334,0334,0334,0304,0330,0330,0330,0336,0336:END0100
0101:A:0337,0337,0330,0336,0337,0305,0335,0336,0336,0332,0334,0334,0332,0337,0331,0335,0337,0333,0330,0335,0334,0334,0336,0330,0335,0337,0337,0330,0336,0304,0336,0336:END0101
0102:B:0337,0337,0330,0330,0335,0330,0341,0335,0330,0334,0332,0332,0332,0331,0331,0331,0333,0335,0337,0331,0332,0332,0331,0334,0334,0331,0331,0336,0336,0336,0330,0337,0337,0337,0331,0336,0336,0336,0337,0331,0337,0330,0337,0331,0335,0330,0330,0336,0330,0330,0341,0331,0331,0331,0334,0330,0337,0330,0336,0336,0336:END0102
0103:C:0337,0337,0330,0330,0335,0330,0330,0330,0342,0343,0331,0331,0334,0334,0343,0342,0334,0330,0334,0332,0332,0331,0331,0331,0334,0330,0330,0330,0337,0331,0336,0336,0336:END0103
0104:D:0337,0337,0337,0330,0336,0336,0336,0335,0332,0337,0337,0331,0331,0336,0342,0334,0342,0334,0330,0334,0334,0334,0330,0337,0337,0330,0336,0336,0336:END0104
0105:E:0337,0337,0337,0330,0335,0336,0336,0336,0332,0334,0337,0337,0332,0332,0334,0330,0330,0334,0330,0332,0335,0330,0330,0335,0332,0332,0330,0337,0331,0336,0336,0336:END0105
0106:F:0337,0337,0337,0330,0335,0336,0336,0336,0332,0334,0337,0337,0332,0332,0334,0330,0330,0334,0330,0332,0335,0330,0330,0335,0330,0330,0330,0336,0336:END0106
0107:G:0337,0337,0330,0330,0335,0330,0330,0330,0342,0343,0331,0331,0334,0334,0343,0342,0334,0330,0334,0332,0332,0331,0331,0331,0334,0330,0330,0330,0337,0331,0336,0336,0336,0337,0337,0331,0335,0330,0334,0332,0334,0332,0335,0337,0330,0336,0336,0336:END0107
0110:H:0337,0337,0330,0337,0331,0335,0336,0336,0332,0332,0331,0334,0337,0337,0332,0332,0332,0335,0336,0336,0332,0331,0333,0334,0337,0337,0330,0336,0336,0336:END0110
0111:I:0337,0337,0330,0332,0332,0331,0335,0332,0332,0332,0332,0334,0332,0331,0333,0330,0334,0330,0330,0330,0330,0335,0330,0330,0336,0336:END0111
0112:J:0337,0337,0330,0330,0335,0330,0332,0332,0332,0334,0332,0331,0333,0330,0334,0330,0330,0330,0334,0330,0335,0343,0342,0330,0335,0330,0330,0336,0336:END0112
0113:K:0337,0337,0330,0335,0336,0336,0332,0337,0331,0352,0334,0332,0331,0334,0334,0334,0334,0332,0337,0337,0332,0331,0336,0336,0331,0335,0335,0335,0335,0335,0304,0331,0334,0330,0337,0331,0337,0330,0330,0336,0336,0336:END0113
0114:L:0337,0337,0330,0332,0332,0332,0331,0331,0331,0335,0336,0336,0332,0331,0334,0330:END0114
0115:M:0337,0337,0330,0335,0336,0336,0332,0334,0352,0352,0334,0334,0334,0334,0334,0334,0334,0337,0332,0335,0335,0335,0335,0335,0335,0335,0335,0335,0335,0335,0335,0335,0335,0332,0334,0334,0334,0334,0334,0334,0334,0334,0334,0334,0334,0334,0334,0334,0334,0334,0336,0332,0335,0334,0304,0335,0337,0337,0337,0330,0336,0336,0336:END0115
0116:N:0337,0337,0330,0335,0336,0336,0332,0334,0334,0350,0350,0335,0332,0337,0337,0337,0337,0332,0335,0335,0335,0335,0335,0335,0335,0304,0336,0336,0336,0336,0332,0331,0334,0337,0337,0337,0337,0330,0330,0336,0336,0336,0336:END0116
0117:O:0337,0337,0330,0330,0335,0330,0334,0334,0343,0342,0334,0334,0330,0330,0342,0343,0335,0330,0335,0332,0332,0335,0330,0330,0335,0335,0334,0332,0332,0331,0331,0331,0334,0330,0337,0331,0336,0336,0336:END0117
0120:P:0337,0337,0330,0330,0335,0330,0330,0330,0341,0334,0331,0335,0332,0333,0333,0333,0333,0334,0330,0330,0337,0337,0330,0336,0336,0336,0336:END0120
0121:Q:0337,0337,0330,0330,0335,0330,0334,0334,0343,0342,0334,0334,0330,0330,0342,0343,0335,0330,0335,0332,0332,0335,0330,0330,0335,0335,0334,0332,0332,0331,0331,0331,0334,0330,0337,0331,0336,0336,0336,0337,0337,0331,0337,0330,0350,0335,0335,0335,0332,0332,0331,0331,0334,0334,0334,0304,0330,0336,0336,0336:END0121
0122:R:0337,0337,0330,0330,0335,0330,0330,0330,0341,0334,0331,0335,0332,0333,0333,0333,0333,0334,0330,0330,0337,0337,0330,0336,0336,0336,0336,0335,0350,0335,0337,0337,0332,0332,0332,0331,0331,0331,0334,0334,0334,0304,0330,0337,0331,0336,0336,0336:END0122
0123:S:0337,0337,0330,0330,0335,0330,0335,0335,0350,0342,0343,0335,0335,0342,0343,0335,0343,0335,0330,0330,0343,0343,0342,0334,0343,0342,0335,0335,0345,0344,0344,0344,0344,0304,0330,0330,0330,0334,0334,0334,0330,0330,0337,0331,0336,0336,0336:END0123
0124:T:0337,0330,0335,0332,0332,0335,0337,0337,0332,0332,0332,0331,0331,0331,0333,0333,0333,0331,0331,0331,0330,0330,0330,0330,0330,0330,0330,0331,0335,0330,0330,0330,0330,0330,0330,0330,0330,0335,0330,0330,0330,0330,0330,0336,0336,0336:END0124
0125:U:0337,0337,0330,0330,0335,0330,0334,0334,0342,0343,0334,0330,0334,0332,0332,0332,0333,0333,0334,0330,0330,0335,0332,0332,0333,0333,0333,0331,0334,0337,0330,0336,0336,0336:END0125
0126:V:0337,0337,0330,0330,0335,0352,0335,0350,0334,0332,0332,0332,0332,0331,0331,0331,0331,0334,0334,0332,0332,0332,0332,0331,0331,0331,0331,0334,0334,0334,0334,0334,0304,0330,0330,0337,0331,0336,0336,0336:END0126
0127:W:0354,0350,0337,0337,0330,0335,0335,0335,0335,0335,0335,0335,0335,0335,0335,0335,0332,0332,0332,0332,0331,0331,0331,0331,0334,0334,0332,0332,0334,0334,0334,0334,0334,0334,0334,0334,0334,0334,0334,0334,0334,0334,0334,0334,0334,0334,0332,0332,0334,0334,0334,0335,0335,0335,0335,0335,0335,0335,0335,0335,0335,0335,0335,0335,0335,0335,0335,0335,0335,0335,0335,0335,0332,0332,0332,0332,0331,0331,0331,0331,0334,0334,0334,0334,0334,0334,0334,0334,0334,0304,0330,0336,0336:END0127
0130:X:0335,0352,0334,0332,0337,0331,0334,0334,0334,0334,0332,0331,0333,0330,0330,0334,0336,0336,0337,0337,0334,0335,0335,0335,0335,0304,0337,0337,0330,0336,0336,0336:END0130
0131:Y:0337,0337,0330,0330,0335,0332,0332,0350,0335,0332,0332,0331,0331,0334,0334,0332,0332,0331,0331,0334,0304,0334,0330,0330,0335,0330,0330,0336,0336:END0131
0132:Z:0337,0337,0330,0332,0332,0331,0331,0352,0335,0335,0332,0332,0332,0332,0335,0335,0335,0335,0332,0332,0334,0334,0334,0334,0334,0334,0330,0330,0335,0335,0335,0335,0335,0335,0335,0335,0330,0330,0330,0330,0334,0335,0335,0335,0335,0335,0304,0330,0330,0337,0330,0336,0336,0336:END0132
0133:[:0337,0337,0330,0335,0332,0332,0332,0332,0334,0332,0331,0335,0331,0331,0331,0331,0334,0332,0330,0336,0336:END0133
0134:\:0337,0337,0330,0330,0330,0335,0336,0336,0305,0350,0350,0335,0332,0331,0334,0304,0334,0337,0337,0330,0336,0336:END0134
0135:]:0337,0337,0330,0330,0331,0332,0335,0332,0332,0332,0332,0335,0332,0331,0334,0331,0331,0331,0331,0334,0330,0336,0336:END0135
0136:^:0337,0337,0330,0330,0331,0335,0330,0330,0330,0330,0334,0334,0350,0334,0332,0331,0334,0334,0334,0334,0334,0334,0332,0331,0334,0304,0330,0330,0330,0330,0335,0330,0337,0330,0337,0337,0337,0336,0336,0336,0336,0336,0336:END0136
0137:_:0337,0337,0332,0332,0336,0336:END0137
0140:`:0337,0337,0330,0335,0330,0330,0330,0330,0335,0350,0335,0332,0331,0334,0334,0334,0304,0331,0331,0331,0331,0334,0337,0330,0336,0336,0336:END0140
0141:a:0337,0337,0330,0330,0335,0330,0341,0330,0342,0343,0335,0331,0334,0333,0333,0335,0337,0333,0330,0334,0334,0331,0331,0331,0331,0331,0331,0336,0336,0336,0330:END0141
0142:b:0337,0337,0330,0330,0335,0330,0341,0335,0330,0334,0332,0332,0332,0331,0331,0331,0333,0335,0337,0331,0332,0332,0331,0334,0334,0331,0331,0336,0336,0336,0330,0337,0337,0337,0331,0336,0336,0336:END0142
0143:c:0337,0337,0330,0330,0335,0330,0350,0334,0344,0344,0344,0344,0344,0344,0334,0304,0330,0335,0330,0337,0336,0336,0336:END0143
0144:d:0337,0337,0330,0330,0335,0330,0341,0334,0330,0335,0332,0332,0332,0333,0333,0333,0333,0335,0337,0332,0333,0333,0334,0334,0330,0336,0336,0336:END0144
0145:e:0337,0330,0337,0335,0330,0334,0344,0344,0344,0350,0345,0344,0344,0335,0332,0333,0333,0330,0304,0334,0330,0335,0330,0330,0337,0331,0336,0336,0336:END0145
0146:f:0337,0337,0330,0330,0335,0332,0332,0332,0334,0330,0337,0331,0344,0344,0330,0335,0330,0330,0330,0334,0332,0333,0333,0330,0335,0330,0330,0330,0335,0330,0330,0330,0336,0336,0336:END0146
0147:g:0337,0337,0330,0330,0335,0330,0341,0334,0330,0335,0332,0333,0333,0333,0335,0330,0344,0344,0335,0330,0334,0330,0330,0336,0336:END0147
0150:h:0337,0337,0330,0335,0332,0332,0332,0332,0331,0331,0331,0335,0331,0337,0331,0330,0330,0345,0345,0330,0334,0332,0332,0335,0330,0336,0336,0336:END0150
0151:i:0337,0337,0330,0330,0335,0337,0332,0332,0332,0330,0330,0337,0341,0331,0331,0331,0331,0331,0331,0331,0331,0331,0331,0334,0336,0336,0336,0336,0337,0337,0330,0336,0336:END0151
0152:j:0337,0337,0330,0330,0335,0337,0332,0332,0332,0330,0330,0337,0341,0336,0331,0331,0331,0331,0331,0333,0333,0335,0330,0330,0334,0334,0336,0345,0345,0334,0330,0334,0330,0330,0336,0336:END0152
0153:k:0337,0337,0330,0335,0332,0332,0332,0332,0331,0331,0331,0350,0334,0332,0331,0334,0334,0310,0336,0332,0331,0337,0313,0335,0304,0304,0335,0331,0334,0330,0337,0330,0336,0336,0336:END0153
0154:l:0337,0337,0330,0337,0330,0335,0330,0332,0332,0332,0332,0332,0332,0335,0330,0345,0345,0330,0335,0331,0331,0331,0331,0331,0331,0335,0331,0344,0344,0335,0331,0334,0330,0330,0336,0336,0336:END0154
0155:m:0337,0337,0337,0330,0330,0330,0335,0330,0330,0343,0342,0334,0330,0330,0335,0342,0343,0335,0331,0330,0330,0330,0330,0335,0332,0332,0334,0331,0331,0335,0335,0335,0335,0334,0332,0332,0331,0331,0334,0330,0330,0335,0332,0332,0335,0330,0330,0330,0330,0335,0332,0333,0333,0335,0335,0330,0331,0331,0331,0331,0334,0330,0330,0330,0330,0330,0336,0336,0336:END0155
0156:n:0337,0337,0337,0330,0330,0330,0335,0330,0330,0343,0342,0334,0330,0334,0332,0332,0334,0331,0331,0330,0330,0330,0330,0334,0332,0332,0332,0331,0331,0331,0334,0330,0330,0330,0336,0336,0336:END0156
0157:o:0337,0337,0337,0330,0336,0330,0335,0330,0341,0331,0334,0330,0330,0336,0336:END0157
0160:p:0337,0337,0337,0330,0336,0330,0335,0330,0341,0334,0331,0335,0332,0333,0333,0333,0333,0333,0330,0330,0330,0334,0330,0330,0330,0337,0331,0336,0336,0336:END0160
0161:q:0337,0337,0330,0330,0335,0330,0341,0334,0330,0335,0332,0331,0333,0333,0333,0334,0337,0330,0335,0335,0344,0344,0331,0335,0330,0330,0330,0330,0334,0330,0330,0330,0336,0336,0336,0337,0336:END0161
0162:r:0337,0337,0330,0335,0332,0332,0337,0331,0331,0334,0330,0330,0335,0331,0336,0336,0337,0331,0336,0337,0337,0337,0330,0336,0336,0336,0350,0350,0343,0342,0345,0344,0344,0350,0344,0335,0334,0334,0334,0334,0304,0334,0337,0337,0330,0330,0330,0336,0336,0336,0337,0337,0337,0335,0330,0337,0331,0336,0336,0336,0336,0334:END0162
0163:s:0337,0330,0335,0337,0337,0330,0345,0345,0345,0334,0330,0330,0343,0342,0335,0344,0330,0330,0330,0335,0330,0337,0330,0330,0336,0336,0336,0336:END0163
0164:t:0337,0330,0337,0331,0337,0337,0335,0330,0332,0332,0332,0332,0332,0332,0332,0331,0331,0331,0331,0331,0331,0331,0334,0330,0334,0342,0343,0334,0330,0334,0330,0330,0330,0330,0334,0332,0332,0333,0333,0333,0333,0330,0330,0334,0330,0330,0330,0330,0330,0334,0334,0334,0336,0336,0336,0336,0337,0337,0330,0336,0336:END0164
0165:u:0337,0337,0330,0330,0335,0330,0335,0335,0342,0343,0334,0330,0334,0332,0334,0330,0330,0334,0332,0332,0334,0335,0335,0337,0330,0336,0336,0336:END0165
0166:v:0337,0337,0330,0330,0335,0352,0335,0332,0332,0331,0331,0334,0334,0332,0332,0331,0331,0335,0304,0334,0330,0337,0337,0330,0336,0336,0336,0336:END0166
0167:w:0337,0337,0330,0330,0337,0331,0336,0335,0350,0350,0335,0332,0332,0330,0331,0331,0331,0334,0334,0332,0334,0334,0334,0334,0334,0334,0332,0335,0335,0335,0335,0335,0335,0332,0332,0331,0331,0335,0304,0334,0330,0337,0330,0336,0336,0336:END0167
0170:x:0337,0337,0330,0330,0335,0330,0350,0310,0336,0334,0332,0331,0334,0334,0332,0331,0334,0334,0332,0331,0334,0334,0332,0331,0334,0337,0313,0331,0304,0334,0330,0337,0337,0330,0330,0336,0336,0336,0336:END0170
0171:y:0534,0337,0337,0330,0350,0335,0350,0335,0332,0332,0333,0333,0333,0333,0331,0330,0330,0330,0335,0335,0332,0332,0331,0331,0334,0304,0334,0330,0337,0337,0330,0336,0336,0336,0336:END0171
0172:z:0337,0337,0330,0350,0334,0335,0335,0332,0332,0335,0335,0335,0332,0337,0332,0331,0336,0331,0334,0334,0334,0331,0331,0334,0332,0337,0332,0330,0336,0336,0304,0336:END0172
0173:{:0337,0337,0337,0330,0330,0330,0335,0330,0334,0334,0334,0344,0334,0330,0334,0332,0330,0334,0334,0330,0334,0330,0334,0334,0343,0330,0335,0330,0330,0335,0330,0335,0343,0330,0331,0331,0334,0331,0334,0333,0332,0330,0334,0330,0335,0335,0330,0335,0332,0331,0334,0331,0342,0335,0330,0330,0330,0330,0330,0330,0335,0330,0336,0336,0336:END0173
0174:|:0337,0337,0330,0335,0336,0336,0332,0331,0334,0337,0337,0330,0336,0336:END0174
0175:}:0337,0337,0337,0330,0330,0335,0330,0335,0335,0343,0335,0330,0335,0332,0332,0334,0330,0335,0330,0335,0334,0331,0344,0334,0330,0330,0335,0343,0330,0334,0332,0332,0335,0330,0334,0342,0331,0331,0331,0331,0331,0331,0331,0334,0330,0330,0330,0336,0336,0336:END0175
0176:~:0337,0337,0330,0330,0331,0335,0330,0336,0337,0330,0330,0350,0343,0342,0330,0330,0334,0334,0334,0335,0330,0334,0334,0335,0335,0337,0330,0334,0334,0330,0336,0343,0342,0304,0330,0330,0330,0330,0330,0337,0331,0335,0336,0336,0336,0337,0337,0337,0330,0330,0336,0336,0336:END0176
0300:name:command action:processing:0300	theta = theta0;side = unit;x=x0;y=y0;currentColor = black;  //rst:ENDOFLINE0300
0301:name:command action:processing:0301	println("del"); //del:ENDOFLINE0301
0302:name:command action:processing:0302	thetaStep = PI; //180deg:ENDOFLINE0302
0303:name:command action:processing:0303	thetaStep = 2*PI/3; //120deg:ENDOFLINE0303
0304:name:command action:processing:0304	thetaStep = PI/2;  //90deg:ENDOFLINE0304
0305:name:command action:processing:0305	thetaStep = 2*PI/5;  //72deg:ENDOFLINE0305
0306:name:command action:processing:0306	thetaStep = PI/3; //60deg:ENDOFLINE0306
0307:name:command action:processing:0307	thetaStep = 2*theta_magic; //2*magic:ENDOFLINE0307
0310:name:command action:processing:0310	scaleFactor = sqrt(2); //sqrt(2)x:ENDOFLINE0310
0311:name:command action:processing:0311	scaleFactor = phi; //phix:ENDOFLINE0311
0312:name:command action:processing:0312	scaleFactor = sqrt(3); //sqrt(3)x :ENDOFLINE0312
0313:name:command action:processing:0313	scaleFactor = 2;  //2x:ENDOFLINE0313
0314:name:command action:processing:0314	scaleFactor = E;   //ex:ENDOFLINE0314
0315:name:command action:processing:0315	scaleFactor = 3;   //3x:ENDOFLINE0315
0316:name:command action:processing:0316	scaleFactor = PI;   //PIx:ENDOFLINE0316
0317:name:command action:processing:0317	scaleFactor = 5;  //5x:ENDOFLINE0317
0320:name:command action:processing:0320	currentColor = white;stroke(currentColor);//white:ENDOFLINE0320
0321:name:command action:processing:0321	currentColor = black;stroke(currentColor);//black:ENDOFLINE0321
0322:name:command action:processing:0322	currentColor = red;stroke(currentColor);//red:ENDOFLINE0322
0323:name:command action:processing:0323	currentColor = orange;stroke(currentColor);//orange:ENDOFLINE0323
0324:name:command action:processing:0324	currentColor = yellow;stroke(currentColor);//yellow:ENDOFLINE0324
0325:name:command action:processing:0325	currentColor = green; stroke(currentColor);//green:ENDOFLINE0325
0326:name:command action:processing:0326	currentColor = blue;stroke(currentColor);//blue:ENDOFLINE0326
0327:name:command action:processing:0327	currentColor = violet;stroke(currentColor);//violet:ENDOFLINE0327
0330:name:command action:processing:0330	x += side*cos(theta);y += side*sin(theta); //move:ENDOFLINE0330
0331:name:command action:processing:0331	x -= side*cos(theta);y -= side*sin(theta);  //back:ENDOFLINE0331
0332:name:command action:processing:0332    line(x,y,x + side*cos(theta),y + side*sin(theta));x += side*cos(theta);y += side*sin(theta);//linmov:ENDOFLINE0332
0333:name:command action:processing:0333	line(x,y,x - side*cos(theta),y - side*sin(theta));x -= side*cos(theta);y -= side*sin(theta);//linbak:ENDOFLINE0333
0334:name:command action:processing:0334	theta += thetaStep; // CW:ENDOFLINE0334
0335:name:command action:processing:0335	theta -= thetaStep; // CCW:ENDOFLINE0335
0336:name:command action:processing:0336	side *= scaleFactor;  //(+):ENDOFLINE0336
0337:name:command action:processing:0337	side /= scaleFactor;  //(-):ENDOFLINE0337
0340:name:command action:processing:0340 	strokeWeight(5);point(x,y);strokeWeight(2);//point:ENDOFLINE0340
0341:name:command action:processing:0341	ellipse(x,y,2*side,2*side);//circle:ENDOFLINE0341
0342:name:command action:processing:0342	arc(x,y,2*side,2*side,theta,theta + thetaStep);//arc+:ENDOFLINE0342
0343:name:command action:processing:0343	arc(x,y,2*side,2*side,theta - thetaStep,theta);//arc-:ENDOFLINE0343
0344:name:command action:processing:0344	arc(x,y,2*side,2*side,theta - thetaStep,theta);theta -= thetaStep;//arcmov:ENDOFLINE0344
0345:name:command action:processing:0345	arc(x,y,2*side,2*side,theta,theta + thetaStep);theta += thetaStep;//arcbak:ENDOFLINE0345
0346:name:command action:processing:0346	fill(0);rect(x,y,side,side);noFill();//1rect:ENDOFLINE0346
0347:name:command action:processing:0347	fill(255);rect(x,y,side,side);noFill();//0rect:ENDOFLINE0347
0350:name:command action:processing:0350	thetaStep /= 2;	//angle/2:ENDOFLINE0350
0351:name:command action:processing:0351	thetaStep *= 2;	//2angle:ENDOFLINE0351
0352:name:command action:processing:0352	thetaStep /= 3; //angle/3:ENDOFLINE0352
0353:name:command action:processing:0353	thetaStep *= 3; //3angle:ENDOFLINE0353
0354:name:command action:processing:0354	thetaStep /= 5;	//angle/5:ENDOFLINE0354
0355:name:command action:processing:0355	thetaStep *= 5; //5angle:ENDOFLINE0355
0356:name:command action:processing:0356	thetaStep /= 60; //angle/60:ENDOFLINE0356
0357:name:command action:processing:0357	thetaStep *= 60;  //60angle:ENDOFLINE0357
