0337,0337,0330,0330,0335,0330,0330,0341,0336,0343,0342,0350,0345,0344,0344,0344,0344,0334,0334,0334,0334,0334,0345,0345,0337,0330,0332,0334,0334,0334,0334,0334,0334,0304,0330,0330,0330,0336,0336
null
null
null
null
null
0350,0350,0335,0335,0335,0332,0337,0337,0331,0337,0330,0344,0344,0344,0344,0344,0344,0344,0344,0330,0330,0330,0330,0336,0344,0344,0344,0344,0344,0344,0344,0344,0337,0331,0344,0345,0345,0345,0345,0345,0345,0330,0330,0330,0335,0335,0335,0334,0335,0330,0334,0304,0336,0336,0336
0337,0337,0330,0335,0330,0330,0330,0332,0331,0331,0331,0331,0335,0335,0335,0330,0336,0336
0337,0337,0330,0330,0335,0330,0330,0334,0330,0330,0334,0334,0336,0336,0350,0350,0342,0343,0350,0344,0344,0344,0345,0345,0345,0345,0345,0345,0334,0334,0334,0334,0334,0336,0337,0337,0335,0335,0334,0334,0304,0334,0331,0334,0330,0335,0336
0337,0335,0330,0334,0331,0336,0350,0350,0350,0345,0345,0345,0344,0344,0344,0344,0344,0344,0334,0334,0334,0304,0330,0337,0331,0335,0331,0334,0330,0337,0330,0336,0336
0337,0337,0330,0330,0335,0330,0330,0306,0332,0331,0335,0332,0331,0333,0330,0334,0334,0333,0332,0332,0331,0334,0334,0333,0332,0332,0331,0331,0330,0304,0330,0330,0334,0334,0334,0330,0337,0330,0336,0336,0336
0337,0337,0330,0335,0330,0332,0332,0331,0334,0332,0333,0333,0330,0335,0331,0331,0334,0330,0330,0337,0331,0336,0336,0336
0337,0337,0330,0350,0335,0335,0335,0335,0335,0332,0331,0334,0334,0334,0334,0334,0330,0304,0336,0336
0337,0335,0330,0334,0337,0330,0332,0332,0334,0330,0330,0335,0330,0336,0336
0337,0337,0337,0330,0337,0341,0330,0330,0330,0336,0336,0336,0336,0337,0337,0337,0337,0331,0331,0331,0337,0341,0330,0330,0330,0330,0330,0330,0330,0330,0331,0331,0336,0336,0336,0336,0336
0335,0350,0350,0334,0332,0331,0334,0334,0334,0304,0330,0337,0337,0331,0331,0336,0336
0337,0337,0330,0330,0335,0330,0330,0330,0342,0343,0334,0330,0334,0332,0332,0335,0335,0335,0330,0334,0334,0334,0342,0342,0343,0334,0330,0334,0332,0332,0334,0330,0330,0350,0334,0334,0350,0334,0334,0332,0332,0332,0331,0331,0331,0333,0331,0330,0330,0335,0335,0304,0330,0330,0330,0335,0330,0336,0336
0337,0337,0337,0330,0332,0332,0331,0335,0336,0336,0336,0332,0335,0350,0335,0337,0337,0337,0332,0331,0335,0304,0336,0336,0336,0330,0335,0337,0337,0330,0336,0336
0337,0337,0330,0330,0335,0330,0330,0330,0342,0343,0334,0350,0344,0345,0345,0330,0334,0334,0332,0332,0334,0334,0334,0335,0335,0335,0337,0332,0334,0334,0334,0334,0334,0334,0335,0332,0332,0332,0332,0334,0334,0304,0330,0335,0330,0336,0336,0336
0337,0337,0330,0330,0335,0330,0330,0330,0343,0342,0350,0344,0345,0345,0345,0345,0345,0330,0330,0343,0342,0344,0344,0344,0344,0304,0331,0334,0330,0337,0330,0336,0336,0336
0337,0330,0335,0332,0332,0335,0350,0335,0350,0335,0332,0334,0334,0335,0335,0335,0335,0335,0335,0335,0337,0332,0335,0335,0335,0335,0335,0334,0304,0331,0331,0334,0330,0336,0336
0337,0337,0330,0330,0335,0330,0345,0345,0345,0334,0330,0330,0330,0334,0332,0333,0333,0335,0333,0333,0334,0332,0335,0331,0331,0334,0330,0337,0330,0336,0336,0336
0337,0337,0330,0330,0335,0330,0341,0335,0350,0334,0350,0335,0330,0334,0334,0334,0334,0332,0332,0332,0334,0332,0331,0335,0335,0334,0334,0335,0331,0331,0331,0331,0330,0334,0334,0334,0334,0330,0335,0335,0335,0335,0335,0304,0331,0334,0330,0330,0337,0331,0336,0336,0336
0337,0337,0337,0330,0350,0335,0350,0335,0332,0332,0332,0332,0332,0332,0332,0332,0332,0335,0335,0335,0335,0335,0332,0332,0332,0332,0334,0334,0334,0334,0333,0334,0334,0334,0334,0334,0334,0334,0334,0330,0330,0330,0330,0330,0330,0330,0334,0334,0334,0334,0304,0335,0335,0330,0330,0330,0330,0330,0337,0337,0336,0336,0336,0336,0336,0337,0337,0337,0337,0337,0334,0330,0335,0336,0336,0336,0336,0336
0337,0337,0330,0330,0335,0330,0341,0330,0330,0341,0331,0331,0331,0334,0330,0337,0330,0336,0336,0336
0337,0337,0330,0330,0335,0330,0330,0330,0341,0331,0331,0350,0334,0350,0335,0332,0333,0333,0333,0330,0334,0334,0334,0330,0330,0304,0336,0336
0337,0337,0330,0335,0330,0337,0337,0341,0330,0330,0330,0330,0330,0330,0341,0331,0331,0331,0331,0331,0331,0331,0331,0331,0331,0334,0330,0330,0330,0336,0336,0336,0336
0337,0337,0330,0335,0330,0330,0337,0341,0331,0331,0335,0337,0333,0331,0330,0330,0333,0332,0332,0331,0331,0334,0334,0334,0332,0332,0332,0335,0335,0350,0350,0335,0335,0332,0332,0334,0334,0332,0332,0331,0331,0331,0331,0331,0334,0334,0334,0334,0330,0335,0330,0334,0336,0336,0336,0304,0336
0337,0337,0330,0335,0330,0330,0350,0334,0332,0332,0331,0331,0334,0334,0332,0332,0331,0331,0334,0330,0330,0334,0334,0334,0334,0334,0334,0304,0330,0330,0336,0336
0337,0337,0330,0335,0330,0334,0332,0332,0334,0331,0334,0332,0332,0334,0331,0331,0334,0330,0330,0330,0336,0336
0337,0337,0330,0335,0330,0334,0350,0335,0332,0333,0333,0330,0330,0335,0335,0332,0332,0331,0331,0334,0331,0331,0335,0335,0334,0334,0335,0331,0330,0330,0330,0330,0334,0304,0331,0331,0334,0330,0330,0330,0336,0336,0337,0337,0337,0337,0337,0337,0335,0330,0334,0336,0336,0336,0336,0336,0336
0337,0337,0330,0330,0335,0330,0337,0331,0337,0341,0336,0330,0330,0332,0330,0330,0343,0342,0334,0343,0342,0334,0330,0330,0332,0333,0333,0330,0330,0330,0330,0330,0335,0330,0330,0330,0336,0336,0336
null
null
null
null
null
null
null
null
null
null
null
null
null
null
null
null
null
null
null
null
null
null
null
null
null
null
null
null
null
null
null
null
