0304,0337,0330,0335,0330,0340,0337,0330,0332,0331,0331,0334,0330,0332,0331,0331,0334,0330,0332,0331,0331,0334,0330,0332,0331,0331,0334,0331,0331,0331,0331,0334,0336,0336,0331
0303,0332,0335,0332,0335,0332,0335
0311,0336,0304,0305,0335,0332,0334,0334,0332,0334,0334,0332,0334,0334,0332,0334,0334,0332,0337,0334,0334,0350,0335,0332,0334,0334,0332,0334,0334,0332,0334,0334,0332,0334,0334,0332,0300
0304,0332,0335,0332,0335,0332,0335,0332,0335
null
null
null
null
null
null
null
null
null
null
null
null
null
null
null
null
null
null
null
null
null
null
null
null
null
null
null
null
